[simulation]
shape = drop
spot_angle = 50.0
vol = 100.0
sperm_conc = 3160.0
vsl = 130000000000000.0
deviation = 0.1
surface_time = 4.0
egg_localization = bottom_center
gamete_r = 0.15
sim_min = 1.0
sample_rate_hz = 4.0
seed_number = 0
sim_repeat = 1
display_mode = movie
drop_r = 2.8794119114848606
egg_center = [ 0.          0.         -2.72941191]
limit = 1e-09
step_length = 520000000000.0
x_max = 2.8794119114848606
x_min = -2.8794119114848606
y_max = 2.8794119114848606
y_min = -2.8794119114848606
z_max = 2.8794119114848606
z_min = -2.8794119114848606

